V1/V2 R1                       R2                        MAX error  AVG error
1.06  P(1,1,1,1)               S(1,1,1,1)                        1          1
1.07  P(1,1,1)                 S(1,1,1,1,1)                      2          2
1.07  P(1,1,1,1,1)             S(1,1,1)                          2          2
1.08  P(1,1,1)                 S(1,1,1,1)                        3          2
1.08  P(1,1,1,1)               S(1,1,1)                          3          2
1.10  P(S(1,1),1,1,1)          S(1,1,1)                          3          3
1.10  P(1,1,1)                 S(P(1,1),1,1,1)                   3          3
1.10  P(S(1,1),1,1)            S(1,1,1,1)                        4          3
1.10  P(1,1,1,1)               S(P(1,1),1,1)                     4          3
1.10  P(1,1)                   S(1,1,1,1,1)                      5          3
1.10  P(1,1,1,1,1)             S(1,1)                            5          3
1.11  P(1,1,1)                 S(1,1,1)                          3          3
1.12  P(S(P(1,1),1),1,1)       S(1,1,1)                          4          4
1.12  P(1,1,1)                 S(P(S(1,1),1),1,1)                4          4
1.12  P(1,1)                   S(1,1,1,1)                        6          4
1.12  P(1,1,1,1)               S(1,1)                            6          4
1.13  P(S(1,1),1,1)            S(1,1,1)                          5          3
1.13  P(1,1,1)                 S(P(1,1),1,1)                     5          3
1.13  P(1,1,1,1,1)             S(1,P(1,1))                       8          3
1.13  P(S(1,1),1)              S(1,1,1,1,1)                      8          3
1.14  P(S(1,1,1),1,1)          S(1,1,1)                          5          5
1.14  P(1,1)                   S(P(1,1),1,1,1)                   6          5
1.14  P(S(1,1),1,1,1)          S(1,1)                            6          5
1.14  P(1,1,1)                 S(P(1,1,1),1,1)                   5          5
1.15  P(S(P(1,1),1),1)         S(1,1,1,1)                        8          4
1.15  P(1,1,1,1)               S(P(S(1,1),1),1)                  8          4
1.16  P(S(1,1),1,1)            S(P(1,1),1,1)                     6          3
1.17  P(1,1)                   S(1,1,1)                          7          6
1.17  P(S(1,1),S(1,1),1)       S(1,1,1)                          7          4
1.17  P(1,1,1)                 S(1,1)                            7          6
1.17  P(1,1,1)                 S(P(1,1),P(1,1),1)                7          4
1.17  P(1,1,1,1)               S(1,P(1,1))                      10          4
1.17  P(S(1,1),1)              S(1,1,1,1)                       10          4
1.19  P(1,1)                   S(P(S(1,1),1),1,1)                8          6
1.19  P(S(P(1,1),1),1,1)       S(1,1)                            8          6
1.19  P(1,1,1,1)               S(P(1,1,1),1)                    12          4
1.19  P(S(1,1,1),1)            S(1,1,1,1)                       12          4
1.19  P(S(P(1,1,1),1),1)       S(1,1,1)                          9          6
1.19  P(1,1,1)                 S(P(S(1,1,1),1),1)                9          6
1.19  P(S(1,1),1,1,1)          S(1,P(1,1))                      11          4
1.19  P(S(1,1),1)              S(P(1,1),1,1,1)                  11          4
1.20  P(1,1)                   S(P(1,1),1,1)                     8          6
1.20  P(S(1,1),1,1)            S(1,1)                            8          6
1.20  P(1,1,1)                 S(P(S(1,1),1),1)                 10          5
1.20  P(1,1,1,1,1)             S(1)                             17          6
1.20  S(1)                     S(1,1,1,1,1)                     17          6
1.20  P(S(P(1,1),1),1)         S(1,1,1)                         10          5
1.21  P(1,1,1)                 S(P(S(P(1,1),1),1),1)            11          6
1.21  P(S(P(S(1,1),1),1),1)    S(1,1,1)                         11          6
1.21  P(S(1,1,1),1,1)          S(1,1)                            9          8
1.21  P(1,1)                   S(P(1,1,1),1,1)                   9          8
1.22  P(1,1,1)                 S(1,P(1,1))                      12          6
1.22  P(S(1,1),1)              S(1,1,1)                         12          6
1.24  P(1,1,1)                 S(P(S(1,1),P(1,1)),1)            14          6
1.24  P(S(P(1,1),S(1,1)),1)    S(1,1,1)                         14          6
1.24  P(S(P(1,1),1),1)         S(P(1,1),1,1)                    12          5
1.24  P(S(1,1),1,1)            S(P(S(1,1),1),1)                 12          5
1.25  P(1,1,1,1)               P(S(1,1),S(1,1))                  5          5
1.25  P(S(1,1),S(1,1))         S(1,1,1,1)                        5          5
1.25  P(1,1)                   S(1,1)                           10         10
1.25  P(1,1)                   S(P(1,1),P(1,1),1)               10          6
1.25  P(S(1,1),S(1,1),1)       S(1,1)                           10          6
1.25  P(S(P(1,1),1),1,1)       S(1,P(1,1))                      13          6
1.25  P(S(1,1),1)              S(P(S(1,1),1),1,1)               13          6
1.25  P(1,1,1)                 S(P(1,1,1),1)                    15          6
1.25  P(S(1,1,1),1)            S(1,1,1)                         15          6
1.25  P(1,1,1,1)               S(1)                             20          8
1.25  S(1)                     S(1,1,1,1)                       20          8
1.27  P(S(1,1),1,1)            S(1,P(1,1))                      14          6
1.27  P(S(1,1),1)              S(P(1,1),1,1)                    14          6
1.27  P(1,1,1)                 S(P(1,1,1,1),1)                  17          5
1.27  P(S(1,1,1,1),1)          S(1,1,1)                         17          5
1.28  P(1,1,1)                 P(S(1,1),S(1,1,1))                7          5
1.28  S(P(1,1),P(1,1,1))       S(1,1,1)                          7          5
1.29  P(1,1,1)                 S(P(1,1),P(S(1,1),1))             8          6
1.29  P(S(1,1),S(P(1,1),1))    S(1,1,1)                          8          6
1.29  P(S(P(1,1,1),1),1)       S(1,1)                           13         11
1.29  P(1,1)                   S(P(S(1,1,1),1),1)               13         11
1.29  P(S(1,1,1),1,1)          S(1,P(1,1))                      15          6
1.29  P(S(1,1),1)              S(P(1,1,1),1,1)                  15          6
1.29  P(S(1,1),1,1,1)          S(1)                             22          7
1.29  S(1)                     S(P(1,1),1,1,1)                  22          7
1.30  S(1,P(1,1))              S(1,1,1,1,1)                     15          6
1.30  P(S(1,1,1),1)            S(P(1,1),1,1)                    17          6
1.30  P(S(P(1,1),1),1)         S(1,1)                           14          8
1.30  P(1,1)                   S(P(S(1,1),1),1)                 14          8
1.30  P(1,1,1,1,1)             P(S(1,1),1)                      15          6
1.30  P(S(1,1),1,1)            S(P(1,1,1),1)                    17          6
1.31  P(S(P(S(1,1),1),1),1)    S(1,1)                           15          9
1.31  P(1,1)                   S(P(S(P(1,1),1),1),1)            15          9
1.33  P(1,1,1)                 P(S(1,1),S(1,1))                  8          7
1.33  P(S(1,1),S(1,1))         S(1,1,1)                          8          7
1.33  P(S(1,1),1)              S(1,1)                           17         10
1.33  P(S(1,1),1)              S(P(1,1),P(1,1),1)               17          6
1.33  P(1,1)                   S(1,P(1,1))                      17         10
1.33  P(S(1,1),S(1,1),1)       S(1,P(1,1))                      17          6
1.33  P(1,1,1,1)               P(S(1,1,1),1)                    19          6
1.33  S(P(1,1,1),1)            S(1,1,1,1)                       19          6
1.33  P(1,1,1)                 S(1)                             25         12
1.33  S(1)                     S(1,1,1)                         25         12
1.36  P(1,1)                   S(P(S(1,1),P(1,1)),1)            19         10
1.36  P(S(P(1,1),S(1,1)),1)    S(1,1)                           19         10
1.36  P(S(P(1,1),1),1)         S(P(S(1,1),1),1)                 16          7
1.38  P(1,1,1,1)               P(S(1,1),1)                      18          8
1.38  S(1,P(1,1))              S(1,1,1,1)                       18          8
1.38  P(1,1)                   S(P(1,1,1),1)                    20          9
1.38  P(S(1,1,1),1)            S(1,1)                           20          9
1.38  P(S(P(1,1),1),1,1)       S(1)                             27          9
1.38  S(1)                     S(P(S(1,1),1),1,1)               27          9
1.38  P(S(P(1,1,1),1),1)       S(1,P(1,1))                      18         10
1.38  P(S(1,1),1)              S(P(S(1,1,1),1),1)               18         10
1.39  P(1,1,1)                 P(S(1,1),S(P(1,1),1))            11          7
1.39  S(P(1,1),P(S(1,1),1))    S(1,1,1)                         11          7
1.40  P(1,1,1)                 S(P(1,1),P(1,1,1))               10          7
1.40  P(S(1,1),S(1,1,1))       S(1,1,1)                         10          7
1.40  P(S(1,1),1,1)            P(S(1,1),S(1,1))                 11          7
1.40  P(S(1,1),S(1,1))         S(P(1,1),1,1)                    11          7
1.40  P(1,1,1,1,1)             P(1,1)                           14          8
1.40  S(1,1)                   S(1,1,1,1,1)                     14          8
1.40  P(S(1,1),1)              S(P(S(1,1),1),1)                 19          8
1.40  P(S(P(1,1),1),1)         S(1,P(1,1))                      19          8
1.40  P(1,1)                   S(P(1,1,1,1),1)                  23          8
1.40  P(S(1,1,1,1),1)          S(1,1)                           23          8
1.40  P(S(1,1),1,1)            S(1)                             29         11
1.40  S(1)                     S(P(1,1),1,1)                    29         11
1.42  P(1,1)                   P(S(1,1),S(1,1,1))               15          8
1.42  S(P(1,1),P(1,1,1))       S(1,1)                           15          8
1.42  P(1,1,1,1)               P(S(P(1,1),1),1)                 18          7
1.42  S(P(S(1,1),1),1)         S(1,1,1,1)                       18          7
1.42  P(S(1,1),1)              S(P(S(P(1,1),1),1),1)            20         10
1.42  P(S(P(S(1,1),1),1),1)    S(1,P(1,1))                      20         10
1.42  P(1,1,1)                 P(S(1,1,1,1),1)                  24          7
1.42  S(P(1,1,1,1),1)          S(1,1,1)                         24          7
1.43  P(1,1)                   S(P(1,1),P(S(1,1),1))            15          9
1.43  P(S(1,1),S(P(1,1),1))    S(1,1)                           15          9
1.43  P(S(1,1),1,1,1)          P(S(1,1),1)                      20          7
1.43  S(1,P(1,1))              S(P(1,1),1,1,1)                  20          7
1.43  P(S(1,1,1),1,1)          S(1)                             30         10
1.43  S(1)                     S(P(1,1,1),1,1)                  30         10
1.44  P(S(1,1),1)              S(1,P(1,1))                      21         10
1.44  P(1,1,1)                 P(S(1,1,1),1)                    23          9
1.44  S(P(1,1,1),1)            S(1,1,1)                         23          9
1.45  P(S(P(1,1),1),1)         S(P(1,1,1),1)                    23          8
1.45  P(S(1,1,1),1)            S(P(S(1,1),1),1)                 23          8
1.47  P(1,1,1)                 P(S(P(1,1),S(1,1)),1)            23         10
1.47  S(P(S(1,1),P(1,1)),1)    S(1,1,1)                         23         10
1.48  P(S(1,1),1)              S(P(S(1,1),P(1,1)),1)            23         10
1.48  P(S(P(1,1),S(1,1)),1)    S(1,P(1,1))                      23         10
1.50  P(1,1,1,1)               P(1,1)                           17         11
1.50  P(1,1)                   P(S(1,1),S(1,1))                 17         11
1.50  P(S(1,1),S(1,1))         S(1,1)                           17         11
1.50  S(1,1)                   S(1,1,1,1)                       17         11
1.50  P(1,1,1)                 P(S(1,1),1)                      22         11
1.50  S(1,P(1,1))              S(1,1,1)                         22         11
1.50  P(S(1,1,1),1)            S(1,P(1,1))                      25         10
1.50  P(S(1,1),1)              S(P(1,1,1),1)                    25         10
1.50  P(S(1,1),S(1,1),1)       S(1)                             33         11
1.50  S(1)                     S(P(1,1),P(1,1),1)               33         11
1.53  P(1,1,1)                 P(S(P(S(1,1),1),1),1)            22         11
1.53  S(P(S(P(1,1),1),1),1)    S(1,1,1)                         22         11
1.53  P(S(1,1),1,1)            P(S(1,1,1),1)                    26          9
1.53  S(P(1,1,1),1)            S(P(1,1),1,1)                    26          9
1.53  P(S(1,1),1)              S(P(1,1,1,1),1)                  28          9
1.53  P(S(1,1,1,1),1)          S(1,P(1,1))                      28          9
1.56  P(1,1,1)                 P(S(P(1,1),1),1)                 21         10
1.56  S(P(S(1,1),1),1)         S(1,1,1)                         21         10
1.56  P(S(1,1),1)              P(S(1,1),S(1,1,1))               24          9
1.56  S(P(1,1),P(1,1,1))       S(1,P(1,1))                      24          9
1.56  P(S(P(1,1),1),1,1)       P(S(1,1),1)                      24          9
1.56  S(1,P(1,1))              S(P(S(1,1),1),1,1)               24          9
1.56  P(S(1,1,1),1)            S(P(1,1,1),1)                    27          9
1.57  P(S(1,1),1,1,1)          P(1,1)                           18         10
1.57  S(1,1)                   S(P(1,1),1,1,1)                  18         10
1.57  P(S(1,1),1)              S(P(1,1),P(S(1,1),1))            24          9
1.57  P(S(1,1),S(P(1,1),1))    S(1,P(1,1))                      24          9
1.57  P(S(P(1,1,1),1),1)       S(1)                             36         12
1.57  S(1)                     S(P(S(1,1,1),1),1)               36         12
1.58  S(P(1,1),P(S(1,1),1))    S(1,1)                           18         11
1.58  P(1,1,1)                 P(S(P(1,1,1),1),1)               21          9
1.58  P(1,1)                   P(S(1,1),S(P(1,1),1))            18         11
1.58  S(P(S(1,1,1),1),1)       S(1,1,1)                         21          9
1.60  P(1,1,1,1,1)             P(1,1,1)                         12          9
1.60  S(1,1,1)                 S(1,1,1,1,1)                     12          9
1.60  P(1,1)                   S(P(1,1),P(1,1,1))               19         11
1.60  P(S(1,1),S(1,1,1))       S(1,1)                           19         11
1.60  P(S(P(1,1),1),1)         P(S(1,1),S(1,1))                 22          9
1.60  P(S(1,1),S(1,1))         S(P(S(1,1),1),1)                 22          9
1.60  P(S(1,1),1,1)            P(S(1,1),1)                      25         11
1.60  S(1,P(1,1))              S(P(1,1),1,1)                    25         11
1.60  P(S(P(1,1),1),1)         S(1)                             37         15
1.60  S(1)                     S(P(S(1,1),1),1)                 37         15
1.62  P(1,1,1,1)               P(S(1,1),1,1)                    15         10
1.62  S(P(1,1),1,1)            S(1,1,1,1)                       15         10
1.62  P(1,1)                   P(S(1,1,1,1),1)                  31         11
1.62  S(P(1,1,1,1),1)          S(1,1)                           31         11
1.62  P(S(P(S(1,1),1),1),1)    S(1)                             38         19
1.62  S(1)                     S(P(S(P(1,1),1),1),1)            38         19
1.64  P(S(1,1,1),1,1)          P(S(1,1),1)                      26         10
1.64  S(1,P(1,1))              S(P(1,1,1),1,1)                  26         10
1.67  P(1,1,1)                 P(1,1)                           20         16
1.67  P(1,1,1)                 P(S(1,1),S(1,1),1)               20         10
1.67  P(S(1,1),1,1)            P(S(P(1,1),1),1)                 24         10
1.67  S(P(S(1,1),1),1)         S(P(1,1),1,1)                    24         10
1.67  P(S(1,1),1)              P(S(1,1),S(1,1))                 27         11
1.67  S(P(1,1,1),1)            S(1,1)                           30         13
1.67  P(S(1,1),1)              S(1)                             40         20
1.67  S(1,1)                   S(1,1,1)                         20         16
1.67  S(P(1,1),P(1,1),1)       S(1,1,1)                         20         10
1.67  P(S(1,1),S(1,1))         S(1,P(1,1))                      27         11
1.67  P(1,1)                   P(S(1,1,1),1)                    30         13
1.67  S(1)                     S(1,P(1,1))                      40         20
1.70  S(P(S(1,1),P(1,1)),1)    S(1,1)                           29         12
1.70  P(1,1)                   P(S(P(1,1),S(1,1)),1)            29         12
1.71  S(1)                     S(P(S(1,1),P(1,1)),1)            42         14
1.71  P(S(P(1,1),S(1,1)),1)    S(1)                             42         14
1.75  P(1,1,1,1)               P(1,1,1)                         14         12
1.75  S(1,1)                   S(P(S(1,1),1),1,1)               21         12
1.75  P(1,1)                   P(S(1,1),1)                      29         17
1.75  P(S(1,1),S(1,1),1)       P(S(1,1),1)                      29         11
1.75  P(S(1,1),S(1,1))         S(P(1,1,1),1)                    32         11
1.75  S(1)                     S(P(1,1,1),1)                    43         17
1.75  S(1,1,1)                 S(1,1,1,1)                       14         12
1.75  P(S(P(1,1),1),1,1)       P(1,1)                           21         12
1.75  S(1,P(1,1))              S(1,1)                           29         17
1.75  S(1,P(1,1))              S(P(1,1),P(1,1),1)               29         11
1.75  P(S(1,1,1),1)            P(S(1,1),S(1,1))                 32         11
1.75  P(S(1,1,1),1)            S(1)                             43         17
1.78  P(S(1,1),1)              P(S(1,1),S(P(1,1),1))            29         11
1.78  P(1,1,1)                 P(S(1,1,1),1,1)                  19         11
1.78  S(P(1,1,1),1,1)          S(1,1,1)                         19         11
1.78  S(P(1,1),P(S(1,1),1))    S(1,P(1,1))                      29         11
1.80  P(S(1,1),1,1)            P(1,1)                           22         15
1.80  S(1,1)                   S(P(1,1),1,1)                    22         15
1.80  P(1,1)                   P(S(P(S(1,1),1),1),1)            28         13
1.80  S(P(S(P(1,1),1),1),1)    S(1,1)                           28         13
1.80  P(S(1,1,1,1),1)          S(1)                             44         15
1.80  S(1)                     S(P(1,1,1,1),1)                  44         15
1.80  P(S(1,1),1)              S(P(1,1),P(1,1,1))               30         11
1.80  P(S(1,1),S(1,1,1))       S(1,P(1,1))                      30         11
1.80  P(S(P(1,1),1),1)         P(S(1,1,1),1)                    33         11
1.80  S(P(1,1,1),1)            S(P(S(1,1),1),1)                 33         11
1.83  P(1,1)                   P(S(P(1,1),1),1)                 27         15
1.83  S(P(S(1,1),1),1)         S(1,1)                           27         15
1.83  S(P(1,1),P(1,1,1))       S(1)                             45         15
1.83  S(1)                     P(S(1,1),S(1,1,1))               45         15
1.83  P(1,1,1)                 P(S(1,1),1,1)                    18         13
1.83  S(P(1,1),1,1)            S(1,1,1)                         18         13
1.83  P(S(1,1),1)              P(S(1,1,1,1),1)                  36         11
1.83  S(P(1,1,1,1),1)          S(1,P(1,1))                      36         11
1.86  P(S(1,1),1,1,1)          P(1,1,1)                         15         12
1.86  S(1,1,1)                 S(P(1,1),1,1,1)                  15         12
1.86  P(S(1,1,1),1,1)          P(1,1)                           23         13
1.86  S(1,1)                   S(P(1,1,1),1,1)                  23         13
1.86  P(S(P(1,1,1),1),1)       P(S(1,1),1)                      31         12
1.86  S(1,P(1,1))              S(P(S(1,1,1),1),1)               31         12
1.86  P(S(1,1),S(P(1,1),1))    S(1)                             46         15
1.86  S(1)                     S(P(1,1),P(S(1,1),1))            46         15
1.88  P(1,1)                   P(S(P(1,1,1),1),1)               27         13
1.88  S(P(S(1,1,1),1),1)       S(1,1)                           27         13
1.89  P(1,1,1)                 P(S(P(1,1),1),1,1)               18         12
1.89  S(P(S(1,1),1),1,1)       S(1,1,1)                         18         12
1.89  P(S(1,1),1)              P(S(1,1,1),1)                    35         13
1.89  S(P(1,1,1),1)            S(1,P(1,1))                      35         13
1.90  P(S(P(1,1),1),1)         P(S(1,1),1)                      32         14
1.90  S(1,P(1,1))              S(P(S(1,1),1),1)                 32         14
1.93  P(S(1,1),1)              P(S(P(1,1),S(1,1)),1)            34         12
1.93  S(P(S(1,1),P(1,1)),1)    S(1,P(1,1))                      34         12
1.94  P(S(P(S(1,1),1),1),1)    P(S(1,1),1)                      32         12
1.94  S(1,P(1,1))              S(P(S(P(1,1),1),1),1)            32         12
2.00  P(1,1,1,1)               P(1,1,1,1)                       12         12
2.00  P(S(1,1),S(1,1))         P(S(1,1),S(1,1))                 12         12
2.00  S(1,1,1,1)               S(1,1,1,1)                       12         12
2.00  P(1,1,1)                 P(1,1,1)                         17         17
2.00  S(1,1,1)                 S(1,1,1)                         17         17
2.00  P(S(1,1),1,1)            P(S(1,1),1,1)                    20         12
2.00  S(P(1,1),1,1)            S(P(1,1),1,1)                    20         12
2.00  P(1,1)                   P(1,1)                           25         25
2.00  P(1,1)                   P(S(1,1),S(1,1),1)               25         14
2.00  P(S(1,1),S(1,1),1)       P(1,1)                           25         14
2.00  S(1,1)                   S(1,1)                           25         25
2.00  S(1,1)                   S(P(1,1),P(1,1),1)               25         14
2.00  S(P(1,1),P(1,1),1)       S(1,1)                           25         14
2.00  P(S(P(1,1),1),1)         P(S(P(1,1),1),1)                 30         12
2.00  S(P(S(1,1),1),1)         S(P(S(1,1),1),1)                 30         12
2.00  P(S(1,1),1)              P(S(1,1),1)                      33         17
2.00  S(1,P(1,1))              S(1,P(1,1))                      33         17
2.00  P(S(1,1,1),1)            P(S(1,1,1),1)                    37         12
2.00  S(P(1,1,1),1)            S(P(1,1,1),1)                    37         12
2.00  S(1)                     P(S(1,1),S(1,1))                 50         20
2.00  P(S(1,1),S(1,1))         S(1)                             50         20
2.07  P(S(1,1),1)              P(S(P(S(1,1),1),1),1)            34         13
2.07  S(P(S(P(1,1),1),1),1)    S(1,P(1,1))                      34         13
2.07  P(S(P(1,1),S(1,1)),1)    P(S(1,1),1)                      37         13
2.07  S(1,P(1,1))              S(P(S(1,1),P(1,1)),1)            37         13
2.11  P(S(1,1),1)              P(S(P(1,1),1),1)                 35         15
2.11  S(P(S(1,1),1),1)         S(1,P(1,1))                      35         15
2.12  P(S(P(1,1),1),1,1)       P(1,1,1)                         20         13
2.12  S(1,1,1)                 S(P(S(1,1),1),1,1)               20         13
2.12  P(S(1,1,1),1)            P(S(1,1),1)                      40         15
2.12  S(1,P(1,1))              S(P(1,1,1),1)                    40         15
2.14  P(S(P(1,1,1),1),1)       P(1,1)                           30         15
2.14  S(1,1)                   S(P(S(1,1,1),1),1)               30         15
2.17  S(P(1,1),1,1,1)          S(1,1,1)                         18         13
2.17  S(P(1,1,1),1,1)          S(1,1)                           27         15
2.17  S(P(S(1,1,1),1),1)       S(1,P(1,1))                      36         13
2.17  S(1)                     P(S(1,1),S(P(1,1),1))            54         18
2.17  S(P(1,1),P(S(1,1),1))    S(1)                             54         18
2.17  P(1,1,1)                 P(S(1,1),1,1,1)                  18         13
2.17  P(1,1)                   P(S(1,1,1),1,1)                  27         15
2.17  P(S(1,1),1)              P(S(P(1,1,1),1),1)               36         13
2.20  P(S(1,1),1,1)            P(1,1,1)                         22         16
2.20  S(1,1,1)                 S(P(1,1),1,1)                    22         16
2.20  P(S(P(1,1),1),1)         P(1,1)                           33         18
2.20  S(1,1)                   S(P(S(1,1),1),1)                 33         18
2.20  P(S(1,1,1,1),1)          P(S(1,1),1)                      44         14
2.20  S(1,P(1,1))              S(P(1,1,1,1),1)                  44         14
2.20  S(1)                     S(P(1,1),P(1,1,1))               55         18
2.20  P(S(1,1),S(1,1,1))       S(1)                             55         18
2.25  P(1,1)                   P(S(1,1),1,1)                    28         19
2.25  S(P(1,1),1,1)            S(1,1)                           28         19
2.25  P(S(P(S(1,1),1),1),1)    P(1,1)                           35         16
2.25  S(1,1)                   S(P(S(P(1,1),1),1),1)            35         16
2.25  S(P(1,1),P(1,1,1))       P(S(1,1),1)                      37         14
2.25  S(1,P(1,1))              P(S(1,1),S(1,1,1))               37         14
2.25  P(S(1,1,1),1)            P(S(P(1,1),1),1)                 42         14
2.25  S(P(S(1,1),1),1)         S(P(1,1,1),1)                    42         14
2.25  S(1)                     P(S(1,1,1,1),1)                  56         19
2.25  S(P(1,1,1,1),1)          S(1)                             56         19
2.29  P(S(1,1,1),1,1)          P(1,1,1)                         24         14
2.29  P(S(1,1),S(P(1,1),1))    P(S(1,1),1)                      37         14
2.29  S(1,1,1)                 S(P(1,1,1),1,1)                  24         14
2.29  S(1,P(1,1))              S(P(1,1),P(S(1,1),1))            37         14
2.33  P(1,1,1)                 P(1,1,1,1)                       19         16
2.33  S(P(S(1,1),1),1,1)       S(1,1)                           29         16
2.33  P(S(1,1),1)              P(1,1)                           38         23
2.33  P(S(1,1),1)              P(S(1,1),S(1,1),1)               38         14
2.33  S(P(1,1,1),1)            P(S(1,1),S(1,1))                 43         14
2.33  S(P(1,1,1),1)            S(1)                             57         23
2.33  S(1,1,1,1)               S(1,1,1)                         19         16
2.33  P(1,1)                   P(S(P(1,1),1),1,1)               29         16
2.33  S(1,1)                   S(1,P(1,1))                      38         23
2.33  S(P(1,1),P(1,1),1)       S(1,P(1,1))                      38         14
2.33  P(S(1,1),S(1,1))         P(S(1,1,1),1)                    43         14
2.33  S(1)                     P(S(1,1,1),1)                    57         23
2.40  S(P(S(1,1),P(1,1)),1)    S(1)                             58         19
2.40  S(1)                     P(S(P(1,1),S(1,1)),1)            58         19
2.43  P(S(P(1,1),S(1,1)),1)    P(1,1)                           42         17
2.43  S(1,1)                   S(P(S(1,1),P(1,1)),1)            42         17
2.50  P(1,1)                   P(1,1,1)                         30         24
2.50  P(S(1,1),S(1,1),1)       P(1,1,1)                         30         15
2.50  S(1,1,1)                 S(1,1)                           30         24
2.50  S(1,1,1)                 S(P(1,1),P(1,1),1)               30         15
2.50  P(S(P(1,1),1),1)         P(S(1,1),1,1)                    36         15
2.50  S(P(1,1),1,1)            S(P(S(1,1),1),1)                 36         15
2.50  P(S(1,1),S(1,1))         P(S(1,1),1)                      40         17
2.50  S(1,P(1,1))              P(S(1,1),S(1,1))                 40         17
2.50  P(S(1,1,1),1)            P(1,1)                           45         20
2.50  S(1,1)                   S(P(1,1,1),1)                    45         20
2.50  S(1)                     P(S(1,1),1)                      60         30
2.50  S(1,P(1,1))              S(1)                             60         30
2.56  P(S(1,1),1)              P(S(1,1,1),1,1)                  41         15
2.56  S(P(1,1,1),1,1)          S(1,P(1,1))                      41         15
2.60  S(1,1,1,1)               S(P(1,1),1,1)                    25         15
2.60  S(1,1)                   S(P(1,1,1,1),1)                  49         18
2.60  S(1)                     P(S(P(S(1,1),1),1),1)            62         21
2.60  P(S(1,1),1,1)            P(1,1,1,1)                       25         15
2.60  P(S(1,1,1,1),1)          P(1,1)                           49         18
2.60  S(P(S(P(1,1),1),1),1)    S(1)                             62         21
2.67  S(1,1)                   P(S(1,1),S(1,1,1))               31         18
2.67  P(S(1,1),S(1,1))         P(S(P(1,1),1),1)                 37         16
2.67  S(1)                     P(S(P(1,1),1),1)                 62         25
2.67  P(1,1,1)                 P(1,1,1,1,1)                     21         16
2.67  S(1,1,1,1,1)             S(1,1,1)                         21         16
2.67  S(P(1,1),P(1,1,1))       P(1,1)                           31         18
2.67  S(P(S(1,1),1),1)         P(S(1,1),S(1,1))                 37         16
2.67  P(S(1,1),1)              P(S(1,1),1,1)                    42         18
2.67  S(P(1,1),1,1)            S(1,P(1,1))                      42         18
2.67  S(P(S(1,1),1),1)         S(1)                             62         25
2.71  P(S(P(1,1,1),1),1)       P(1,1,1)                         36         16
2.71  P(S(1,1),S(P(1,1),1))    P(1,1)                           32         18
2.71  S(1,1)                   S(P(1,1),P(S(1,1),1))            32         18
2.71  S(1,1,1)                 S(P(S(1,1,1),1),1)               36         16
2.75  S(P(1,1),P(S(1,1),1))    P(S(1,1),1)                      42         16
2.75  P(1,1)                   P(S(1,1),1,1,1)                  32         18
2.75  S(P(1,1),1,1,1)          S(1,1)                           32         18
2.75  S(1,P(1,1))              P(S(1,1),S(P(1,1),1))            42         16
2.75  S(1)                     P(S(P(1,1,1),1),1)               64         21
2.75  S(P(S(1,1,1),1),1)       S(1)                             64         21
2.78  P(S(1,1),1)              P(S(P(1,1),1),1,1)               43         16
2.78  S(P(S(1,1),1),1,1)       S(1,P(1,1))                      43         16
2.78  S(P(1,1,1),1)            P(S(1,1,1),1)                    48         16
2.80  S(1,1,1)                 S(P(S(1,1),1),1)                 39         18
2.80  S(1,P(1,1))              S(P(1,1),P(1,1,1))               43         16
2.80  P(S(P(1,1),1),1)         P(1,1,1)                         39         18
2.80  P(S(1,1),S(1,1,1))       P(S(1,1),1)                      43         16
2.87  S(1,1,1)                 S(P(S(P(1,1),1),1),1)            41         16
2.87  P(S(1,1,1),1)            P(S(1,1),1,1)                    49         16
2.87  S(1,P(1,1))              P(S(1,1,1,1),1)                  52         16
2.88  P(S(P(S(1,1),1),1),1)    P(1,1,1)                         41         16
2.88  S(P(1,1),1,1)            S(P(1,1,1),1)                    49         16
2.88  S(P(1,1,1,1),1)          P(S(1,1),1)                      52         16
3.00  P(1,1)                   P(1,1,1,1)                       33         22
3.00  P(S(1,1),S(1,1))         P(1,1)                           33         22
3.00  S(1,1)                   P(S(1,1),S(1,1))                 33         22
3.00  S(1,1,1,1)               S(1,1)                           33         22
3.00  P(S(1,1),1)              P(1,1,1)                         44         22
3.00  S(1,1,1)                 S(1,P(1,1))                      44         22
3.00  S(P(1,1,1),1)            P(S(1,1),1)                      50         19
3.00  S(1,P(1,1))              P(S(1,1,1),1)                    50         19
3.00  S(1)                     P(S(1,1),S(1,1),1)               67         22
3.00  S(P(1,1),P(1,1),1)       S(1)                             67         22
3.10  S(P(S(1,1),P(1,1)),1)    P(S(1,1),1)                      48         17
3.10  S(1,P(1,1))              P(S(P(1,1),S(1,1)),1)            48         17
3.14  P(S(P(1,1),S(1,1)),1)    P(1,1,1)                         49         17
3.14  S(1,1,1)                 S(P(S(1,1),P(1,1)),1)            49         17
3.22  S(P(1,1,1),1)            P(S(P(1,1),1),1)                 52         17
3.22  S(P(S(1,1),1),1)         P(S(1,1,1),1)                    52         17
3.25  S(1,P(1,1))              P(S(1,1),1)                      46         23
3.25  P(S(1,1,1),1)            P(1,1,1)                         52         20
3.25  S(1,1,1)                 S(P(1,1,1),1)                    52         20
3.33  S(P(1,1),P(S(1,1),1))    P(1,1)                           35         20
3.33  S(P(1,1,1),1,1)          S(1)                             70         23
3.33  S(1,1)                   P(S(1,1),S(P(1,1),1))            35         20
3.33  P(S(1,1),1)              P(S(1,1),1,1,1)                  47         17
3.33  S(P(1,1),1,1,1)          S(1,P(1,1))                      47         17
3.33  S(1)                     P(S(1,1,1),1,1)                  70         23
3.40  S(1,1)                   S(P(1,1),P(1,1,1))               35         20
3.40  S(1,1,1,1)               S(P(S(1,1),1),1)                 42         18
3.40  S(P(S(P(1,1),1),1),1)    P(S(1,1),1)                      47         18
3.40  S(1,P(1,1))              P(S(P(S(1,1),1),1),1)            47         18
3.40  P(S(1,1,1,1),1)          P(1,1,1)                         56         18
3.40  S(1,1,1)                 S(P(1,1,1,1),1)                  56         18
3.40  P(S(1,1),S(1,1,1))       P(1,1)                           35         20
3.40  P(S(P(1,1),1),1)         P(1,1,1,1)                       42         18
3.50  S(P(1,1),P(1,1,1))       P(1,1,1)                         24         18
3.50  S(1,1,1)                 P(S(1,1),S(1,1,1))               24         18
3.50  P(S(1,1),S(1,1))         P(S(1,1),1,1)                    29         18
3.50  P(1,1)                   P(1,1,1,1,1)                     36         20
3.50  S(P(S(1,1),1),1)         P(S(1,1),1)                      48         20
3.50  S(1,P(1,1))              P(S(P(1,1),1),1)                 48         20
3.50  S(1,1)                   P(S(1,1,1,1),1)                  57         20
3.50  S(1)                     P(S(1,1),1,1)                    71         29
3.50  S(P(1,1),1,1)            P(S(1,1),S(1,1))                 29         18
3.50  S(1,1,1,1,1)             S(1,1)                           36         20
3.50  S(P(1,1,1,1),1)          P(1,1)                           57         20
3.50  S(P(1,1),1,1)            S(1)                             71         29
3.57  S(1,1,1)                 S(P(1,1),P(S(1,1),1))            27         18
3.57  P(S(1,1),S(P(1,1),1))    P(1,1,1)                         27         18
3.62  S(P(S(1,1,1),1),1)       P(S(1,1),1)                      48         18
3.62  S(1,P(1,1))              P(S(P(1,1,1),1),1)               48         18
3.67  P(S(1,1),1)              P(1,1,1,1)                       48         21
3.67  S(P(1,1,1),1)            P(1,1)                           55         24
3.67  S(P(S(1,1),1),1,1)       S(1)                             73         24
3.67  S(1,1,1,1)               S(1,P(1,1))                      48         21
3.67  S(1,1)                   P(S(1,1,1),1)                    55         24
3.67  S(1)                     P(S(P(1,1),1),1,1)               73         24
3.78  S(P(S(1,1),1),1)         P(S(P(1,1),1),1)                 44         18
3.80  S(P(S(1,1),P(1,1)),1)    P(1,1)                           53         21
3.80  S(1,1)                   P(S(P(1,1),S(1,1)),1)            53         21
4.00  P(S(1,1),S(1,1))         P(1,1,1)                         25         21
4.00  S(1,1,1)                 P(S(1,1),S(1,1))                 25         21
4.00  S(1,P(1,1))              P(1,1)                           50         30
4.00  S(1,P(1,1))              P(S(1,1),S(1,1),1)               50         19
4.00  S(1,1)                   P(S(1,1),1)                      50         30
4.00  S(P(1,1),P(1,1),1)       P(S(1,1),1)                      50         19
4.00  P(S(1,1,1),1)            P(1,1,1,1)                       56         19
4.00  S(1,1,1,1)               S(P(1,1,1),1)                    56         19
4.00  S(1)                     P(1,1,1)                         75         37
4.00  S(1,1,1)                 S(1)                             75         37
4.20  S(1,1)                   P(S(P(S(1,1),1),1),1)            48         22
4.20  S(P(S(P(1,1),1),1),1)    P(1,1)                           48         22
4.33  S(1,1)                   P(S(P(1,1),1),1)                 46         26
4.33  S(P(S(1,1),1),1)         P(1,1)                           46         26
4.33  P(S(1,1),1)              P(1,1,1,1,1)                     51         19
4.33  S(1,1,1,1,1)             S(1,P(1,1))                      51         19
4.33  S(P(1,1,1),1)            P(S(1,1),1,1)                    58         19
4.33  S(P(1,1),1,1)            P(S(1,1,1),1)                    58         19
4.50  S(P(1,1),P(S(1,1),1))    P(1,1,1)                         30         19
4.50  S(1,1,1)                 P(S(1,1),S(P(1,1),1))            30         19
4.50  S(1,1)                   P(S(P(1,1,1),1),1)               44         22
4.50  S(P(S(1,1,1),1),1)       P(1,1)                           44         22
4.50  S(1,P(1,1))              P(S(1,1,1),1,1)                  52         19
4.50  S(P(1,1,1),1,1)          P(S(1,1),1)                      52         19
4.50  S(1)                     P(S(1,1),1,1,1)                  78         26
4.50  S(P(1,1),1,1,1)          S(1)                             78         26
4.60  P(S(1,1),S(1,1,1))       P(1,1,1)                         26         20
4.60  S(1,1,1)                 S(P(1,1),P(1,1,1))               26         20
4.75  S(1,P(1,1))              P(S(1,1),1,1)                    53         23
4.75  S(P(1,1),1,1)            P(S(1,1),1)                      53         23
4.75  S(P(1,1,1,1),1)          P(1,1,1)                         63         20
4.75  S(1,1,1)                 P(S(1,1,1,1),1)                  63         20
5.00  P(S(1,1),S(1,1))         P(1,1,1,1)                       20         20
5.00  S(1,1,1,1)               P(S(1,1),S(1,1))                 20         20
5.00  S(1,1)                   P(1,1)                           40         40
5.00  S(1,1)                   P(S(1,1),S(1,1),1)               40         23
5.00  S(P(1,1),P(1,1),1)       P(1,1)                           40         23
5.00  S(1,P(1,1))              P(S(P(1,1),1),1,1)               53         20
5.00  S(P(S(1,1),1),1,1)       P(S(1,1),1)                      53         20
5.00  S(P(1,1,1),1)            P(1,1,1)                         60         23
5.00  S(1,1,1)                 P(S(1,1,1),1)                    60         23
5.00  S(1)                     P(1,1,1,1)                       80         32
5.00  S(1,1,1,1)               S(1)                             80         32
5.17  S(P(1,1),1,1)            P(S(P(1,1),1),1)                 48         20
5.17  S(P(S(1,1),1),1)         P(S(1,1),1,1)                    48         20
5.20  S(P(S(1,1),P(1,1)),1)    P(1,1,1)                         58         20
5.20  S(1,1,1)                 P(S(P(1,1),S(1,1)),1)            58         20
5.50  S(1,P(1,1))              P(1,1,1)                         55         27
5.50  S(1,1,1)                 P(S(1,1),1)                      55         27
5.67  S(P(1,1,1),1,1)          P(1,1)                           41         24
5.67  S(1,1)                   P(S(1,1,1),1,1)                  41         24
5.80  S(1,1,1)                 P(S(P(S(1,1),1),1),1)            52         21
5.80  S(P(S(P(1,1),1),1),1)    P(1,1,1)                         52         21
6.00  S(1,1)                   P(S(1,1),1,1)                    42         28
6.00  S(1,1,1)                 P(S(P(1,1),1),1)                 50         24
6.00  S(P(S(1,1),1),1)         P(1,1,1)                         50         24
6.00  S(1)                     P(1,1,1,1,1)                     83         28
6.00  S(P(1,1),1,1)            P(1,1)                           42         28
6.00  S(1,1,1,1,1)             S(1)                             83         28
6.25  S(1,1,1)                 P(S(P(1,1,1),1),1)               48         21
6.25  S(1,P(1,1))              P(S(1,1),1,1,1)                  56         21
6.25  S(P(S(1,1,1),1),1)       P(1,1,1)                         48         21
6.25  S(P(1,1),1,1,1)          P(S(1,1),1)                      56         21
6.33  S(P(S(1,1),1),1,1)       P(1,1)                           42         24
6.33  S(P(1,1,1),1)            P(1,1,1,1)                       63         21
6.33  S(1,1)                   P(S(P(1,1),1),1,1)               42         24
6.33  S(1,1,1,1)               P(S(1,1,1),1)                    63         21
7.00  S(1,1,1)                 P(1,1)                           43         34
7.00  S(1,1,1)                 P(S(1,1),S(1,1),1)               43         21
7.00  S(1,1)                   P(1,1,1)                         43         34
7.00  S(P(1,1),P(1,1),1)       P(1,1,1)                         43         21
7.00  S(1,P(1,1))              P(1,1,1,1)                       57         24
7.00  S(1,1,1,1)               P(S(1,1),1)                      57         24
7.25  S(P(1,1),1,1)            P(S(1,1),1,1)                    34         22
7.67  S(1,1,1,1)               P(S(P(1,1),1),1)                 52         22
7.67  S(P(S(1,1),1),1)         P(1,1,1,1)                       52         22
8.00  S(1,1,1)                 P(S(1,1,1),1,1)                  37         22
8.00  S(P(1,1,1),1,1)          P(1,1,1)                         37         22
8.00  S(P(1,1),1,1,1)          P(1,1)                           44         25
8.00  S(1,1)                   P(S(1,1),1,1,1)                  44         25
8.50  S(1,1,1)                 P(S(1,1),1,1)                    35         25
8.50  S(1,P(1,1))              P(1,1,1,1,1)                     59         22
8.50  S(P(1,1),1,1)            P(1,1,1)                         35         25
8.50  S(1,1,1,1,1)             P(S(1,1),1)                      59         22
9.00  S(1,1,1)                 P(S(P(1,1),1),1,1)               33         22
9.00  S(P(S(1,1),1),1,1)       P(1,1,1)                         33         22
9.00  S(1,1,1,1)               P(1,1)                           44         30
9.00  S(1,1)                   P(1,1,1,1)                       44         30
10.00 S(1,1,1)                 P(1,1,1)                         30         30
11.00 S(1,1,1,1)               P(S(1,1),1,1)                    36         23
11.00 S(P(1,1),1,1)            P(1,1,1,1)                       36         23
11.00 S(1,1,1,1,1)             P(1,1)                           45         26
11.00 S(1,1)                   P(1,1,1,1,1)                     45         26
11.50 S(P(1,1),1,1,1)          P(1,1,1)                         30         23
11.50 S(1,1,1)                 P(S(1,1),1,1,1)                  30         23
13.00 S(1,1,1,1)               P(1,1,1)                         31         26
13.00 S(1,1,1)                 P(1,1,1,1)                       31         26
16.00 S(1,1,1,1,1)             P(1,1,1)                         31         23
16.00 S(1,1,1)                 P(1,1,1,1,1)                     31         23
17.00 S(1,1,1,1)               P(1,1,1,1)                       24         24
